h					W				Ό덷

0.1					2.100000	    	5.0000
0.01				2.010000			0.5000
0.001				2.000900			0.0499
0.0001				2.000090			0.00499
0.00001				2.0000100			5.000006964905879E-4
0.000001			2.0000009			4.999621836532242E-5
0.0000001			2.0000001			5.054390328496083E-6
0.00000001          1.9999999			6.07747097092215E-7
0.000000001			2.00000016			8.274037099909037E-6
0.0000000001		2.000000165			8.274037099909037E-6
0.00000000001		2.000000165			8.274037099909037E-6
0.000000000001		2.000177			0.008890058234101161

h=0.000000001̎AΌ덷ŏɂȂB